image:
  width: 960
  height: 540

camera_matrix:
  rows: 3
  cols: 3
  data: [489.593643, 0.000000, 469.543186, 0.000000, 489.857772, 244.764437, 0.000000, 0.000000, 1.000000]

distortion:
  k: [0.067781, -0.084417, -0.002606, 0.002995, 0.000000]

rectification_matrix:
  rows: 3
  cols: 3
  data: [1.000000, 0.000000, 0.000000, 0.000000, 1.000000, 0.000000, 0.000000, 0.000000, 1.000000]

projection_matrix:
  rows: 3
  cols: 4
  data: [481.848269, 0.000000, 472.491171, 0.000000, 0.000000, 497.262901, 243.328518, 0.000000, 0.000000, 0.000000, 1.000000, 0.000000]
