image_width: 1920
image_height: 1080
camera_name: narrow_stereo
camera_matrix:
  rows: 3
  cols: 3
  data: [607.89679,   0.     , 903.90882,
           0.     , 609.92255, 512.65132,
           0.     ,   0.     ,   1.     ]
distortion_model: plumb_bob
distortion_coefficients:
  rows: 1
  cols: 5
  data: [-0.019691, -0.002212, -0.000858, -0.000922, 0.000000]
rectification_matrix:
  rows: 3
  cols: 3
  data: [1., 0., 0.,
         0., 1., 0.,
         0., 0., 1.]
projection_matrix:
  rows: 3
  cols: 4
  data: [558.5976 ,   0.     , 882.40057,   0.     ,
           0.     , 598.19995, 509.75154,   0.     ,
           0.     ,   0.     ,   1.     ,   0.     ]
